1010101110
0001010000
1010110101
0010110110
1111111001
1000001001
1100

1001001001
0111100000
0000000000
0000000000
0000000000
0000000000
00001


1011001010
0101110111
1110111000
1100000000
1100010100
0011111110
0111010110
0101001011
1010000111
1011010101
0110111010
1001011000
0000110000
0010110111
1110111000
1001010000
0111001101
0110111000
1110110101
1000010101
0000001001
0101011101
0101110000
1010000101
0110101001
0110110111
1111001100
0001001110
0100100100
1011110000
0000000000
0000000000
0000000000
0000000000
000001
