1010101110
0001010000
1010110101
0010110110
1111111001
1000001001
1100

1001001001
0111100000
0000000000
0000000000
0000000000
0000000000
00001


1011001010
0101110111
1110111000
1100000000
1100010100
0011111110
0111010110
0101001011
1010000111
1011010101
0110111010
1001011000
0000110000
0010110111
1110111000
1001010000
0111001101
0110111000
1110110101
1000010101
0000001001
0101011101
0101110000
1010000101
0110101001
0110110111
1111001100
0001001110
0100100100
1011110000
0000000000
0000000000
0000000000
0000000000
000001

1011111101110100101001101

1011001010010111011111101
1100011000000001100010100001111111001110101100101001011101000011
1101101010101101110101001011000000011000000101101111110111000100
1010000011100110101101110001110110101100001010100000010010101011
1010101110000101000010101101010010110110111111100110000010011100
10010010010111100000000000000000000000000000000000000000000000001

10010010010111100000000000000000000000000000000000000000000000001

1001001001011110000000000000000000000000000000000000000000000000

12868893973670072295
6434414533366405132
828348216643391190
1513866801329826395
9164911317927067648
1

(23408381<<(64+64+64+5+65+64))+(14267836963702871875<<(64+64+64+65+64))+(15757484524022726084<<(64+64+65+64))+(11594155628782290091<<(64+65+64))+(12359296661107663004<<(65+64)+(10546867377348280320<<65)+1

100000000000000000000011111111111111111111111111111111100000000000000000000000000000000000000000000000001

0010000000
0000000000
0000111111
1111111111
1111111111
1111111000
0000000000
0000000000
0000000000
0000000000
0000001
